1 0.0148201 0.00874386
2 0.0578917 0.0364718
3 0.0439941 0.0268364
4 0.0128656 0.00810531
5 0.0290908 0.0183272
6 -0.0673903 -0.0424559
7 -0.202002 -0.127261
8 -0.260519 -0.164127
9 -0.261527 -0.164762
10 -0.140652 -0.0886107
11 0.0395783 0.0249343
12 0.0249978 0.0157486
13 0.0121729 0.00766892
14 -0.000628681 -0.000396069
15 -0.00462429 -0.0029133
16 0.116943 0.0736744
17 0.179175 0.11288
18 0.194044 0.122248
19 0.17333 0.109198
20 0.13944 0.087847
21 0.0957481 0.0603213
22 0.0538751 0.0339413
23 0.0181809 0.011454
24 -0.00646008 -0.00406985
25 -0.021417 -0.0134927
26 -0.0282882 -0.0178216
27 0.0557852 0.0351446
28 0.184784 0.116414
29 0.241228 0.151974
30 0.243941 0.153683
31 0.12669 0.079815
32 -0.0492174 -0.0300226
33 -0.030519 -0.019227
34 -0.0141241 -0.00889817
35 -0.00159482 -1.2
36 -0.0253472 -0.0159687
37 -0.124716 -0.078571
38 -0.172848 -0.108894
39 -0.181053 -0.114063
40 -0.131892 -0.0830922
41 -0.1132 -0.071316
42 -0.083194 -0.0524122
43 -0.0545975 -0.0343964
44 -0.0271282 -0.0170908
45 -0.00554124 -0.00349098
46 0.00936067 0.00589722
47 0.0173292 0.0109174
48 0.0202114 0.0127332
49 0.0191192 0.0120451
50 0.0156858 0.00988205
51 0.00994344 0.00626437
52 0.00554412 0.00349279
53 0.00214386 0.00135063
54 -8.4678e-05 -5.33471e-05
55 0.0839283 0.0528748
56 0.125776 -1.2
57 0.0628129 0.0395721
58 0.0940536 0.0592537
59 0.0140482 0.00885036
60 -0.0360337 -0.0227013
61 -0.0778192 -0.0490261
62 -0.175147 -0.110343
63 -0.212289 -0.133742
64 -0.206389 -0.130025
65 -0.088258 -0.0556025
66 0.00234655 -1.2
67 0.0396368 0.0249712
68 0.0798015 0.050275
69 0.0936594 0.0590054
70 0.119917 0.0755477
