1 2.26176 0 0.384499
2 2.62301 0 0.498371
3 0.570523 0 0.102694
4 1.46261 0 0.277895
5 2.16419 0 0.411195
6 1.36488 0 0.259328
7 1.34586 0 0.255714
8 1.77036 0 0.336368
9 1.61392 0 0.306644
10 1.41571 0 0.268984
11 1.64567 0 0.312677
12 1.59242 0 0.302559
13 1.51936 0 0.288679
14 1.59127 0 0.302341
15 1.56497 0 0.297343
16 1.56278 0 0.296928
17 1.54458 0 0.293471
18 1.59548 0 0.303141
19 1.56364 0 0.297091
20 1.53426 0 0.291509
21 1.61938 0 0.307682
22 1.5706 0 0.298413
23 1.59694 0 0.303418
24 1.54385 0 0.293332
25 1.53564 0 0.291771
26 1.6043 0 0.304816
27 1.56306 0 0.296981
28 1.57194 0 0.298668
29 1.58824 0 0.301767
30 1.51584 0 0.28801
31 1.56443 0 0.297242
32 1.58406 0 0.285131
33 1.64446 0 0.312448
34 1.56485 0 0.297321
35 1.52382 1 0
36 2.99991 0 0.569983
37 1.98203 0 0.376585
38 0.80431 0 0.152819
39 1.57862 0 0.299939
40 1.98487 0 0.377125
41 1.40698 0 0.267325
42 1.46337 0 0.27804
43 1.69356 0 0.321776
44 1.54408 0 0.293375
45 1.57631 0 0.299499
46 1.52067 0 0.288928
47 1.64381 0 0.312324
48 1.57622 0 0.299482
49 1.51532 0 0.28791
50 1.61873 0 0.307559
51 1.56671 0 0.297674
52 1.57628 0 0.299493
53 1.51448 0 0.287751
54 1.65103 0 0.313696
55 1.62338 0 0.308442
56 1.5565 1 0
57 2.99986 0 0.569973
58 2.19235 0 0.416547
59 0.805754 0 0.153093
60 1.55857 0 0.296128
61 2.03187 0 0.386055
62 1.40972 0 0.267846
63 1.39021 0 0.26414
64 1.74348 0 0.331261
65 1.68363 0 0.319889
66 1.40687 1 0
67 2.9998 0 0.569961
68 2.20358 0 0.41868
69 0.780064 0 0.148212
70 1.43258 0 0.272191
